446.0980999999998
154.63460000000003
426.24030000000005
147.42139999999998
441.8466999999999
142.68799999999996
433.1605000000002
239.30119999999988
227.71009999999987
255.82860000000045
180.70540000000005
128.93219999999997
211.82230000000033
409.3475999999999
213.06590000000034
416.3617
401.9670000000002
334.7491999999997
388.48400000000004
390.3993
331.87409999999994
145.87939999999998
211.97799999999992
208.7242000000003
413.31129999999996
229.74029999999988
248.2404999999998
225.86690000000027
170.1996999999999
390.2772000000001
272.05120000000034
297.58580000000023
294.4074000000003
201.85849999999994
222.00030000000035
236.3971000000003
328.68210000000016
142.68799999999996
390.68709999999993
334.94749999999993
145.4854
222.99129999999994
256.2624000000001
342.44039999999984
132.12939999999995
151.21310000000003
402.49020000000013
187.2101000000001
342.73839999999996
254.90880000000044
395.38010000000014
365.2562999999999
179.1287000000001
396.96280000000013
357.82169999999985
350.64959999999996
396.6066000000001
291.25970000000035
142.23059999999998
413.3406
129.40759999999992
232.05980000000037
238.5099000000003
190.15090000000018
404.28650000000016
349.9714999999998
284.2046000000005
410.45250000000016
412.8623000000001
399.5417000000001
251.87270000000038
365.55099999999993
128.93219999999997
423.8802000000001
229.41130000000038
382.1598999999998
148.63590000000005
330.09590000000003
302.1818000000002
214.58270000000033
251.39340000000033
220.72460000000032
223.25030000000032
149.9206
362.34529999999984
404.37840000000017
199.5437
253.6109000000004
190.10390000000018
241.75000000000034
220.92039999999994
259.49220000000037
382.80089999999984
181.73690000000005
323.19090000000017
347.40880000000004
364.12620000000004
246.12009999999984
341.1443999999999
322.1582000000004
859.1749000000009
1456.3942000000006
824.7370999999999
1724.7694000000008
1254.3880000000006
615.8472000000005
1024.8751999999995
1480.6741999999992
785.7757000000006
1410.7792
785.1648000000008
1523.8754999999999
1513.7401000000007
1620.1649999999981
1581.3210000000017
1501.6819999999998
830.3987000000005
777.162300000001
1321.6169000000007
793.3876000000007
1728.0334999999995
1669.7142999999985
797.2373999999988
1215.9582
809.2890000000002
1632.712099999999
856.5739000000008
759.3552000000007
622.0012000000003
834.6960000000004
1496.8817
962.3908000000005
1112.8961000000002
901.3075000000005
1409.8061000000007
807.3071000000001
1170.2378000000012
1449.0718
1493.6082000000001
886.1918
665.1095000000006
990.9557000000003
1068.5535999999997
870.3607000000004
888.7740000000006
1398.1284999999996
1598.0785999999996
1438.6314000000011
943.6224000000008
1493.5625000000002
915.5270000000004
1548.4663000000014
1030.0537
1508.0263999999993
1367.6011000000017
849.8849999999993
1250.6009000000006
1148.4729
823.6057
764.3986000000009
1339.743
601.9327000000003
1192.4583000000007
874.4359999999999
1500.2922000000003
1431.3477000000012
819.9606000000001
780.8453000000004
1713.5543000000005
489.5739000000001
798.9341000000002
962.4200000000012
819.7955000000002
1236.559100000001
1282.0542000000005
1422.967100000001
1476.829299999999
781.6123000000007
720.2366000000005
710.3366999999994
1531.0380999999993
1225.2268999999997
899.9392999999995
1720.9633000000003
965.1352000000002
1129.0259000000017
789.6881999999999
939.2460000000007
862.4644999999994
1408.2656000000006
1560.3713000000007
1296.416699999999
917.0976000000003
570.2708000000001
501.1464000000003
1148.481
982.9320999999999
735.6358000000005
746.3288000000002
887.2176000000003
1945.4790000000014
1601.4631000000002
1506.6432000000016
962.5976000000003
1505.0169999999998
2031.2916000000014
1110.0694
956.3223999999993
1216.0232000000017
1617.6807000000006
1535.7163000000003
1320.3867999999995
1581.6689999999999
1088.0372000000002
1748.5392999999997
1724.180699999999
1573.5611999999978
1094.2918
1873.4247999999995
1506.192099999999
1022.7451000000005
1343.777099999999
1889.1156999999987
1742.1431
1697.7331000000015
1440.5065999999995
1340.6660000000006
1778.351899999998
1027.8922000000005
1641.1970999999996
659.9753000000002
1577.2815000000003
1126.9360000000006
1608.3915000000006
1075.197399999999
1771.8918999999985
1164.5916999999997
1638.9832000000001
1624.0901000000001
1575.8662999999997
1096.1141000000002
1565.5489999999998
770.8240999999995
1590.4408999999996
1705.3582000000006
1808.4798000000008
2022.3016999999995
1814.3011
1608.8737999999978
1771.237000000001
1259.6661000000004
1232.7280999999996
1918.207299999998
1600.0694
1831.1837999999996
1074.6395999999997
1525.3993000000007
886.3920999999999
1481.5206
1231.9375
1526.2957000000006
1700.0498999999988
1888.8436999999983
1301.1307999999992
1498.478899999999
1749.1266000000003
1641.0965000000006
1229.7797000000005
1427.417499999999
1888.5924999999988
1578.0098999999996
1830.590799999999
1507.3669999999997
1197.9234000000006
987.3269999999992
908.5822999999997
1884.7342999999985
1378.5737000000008
1557.4634999999992
949.7769999999998
2011.2723000000008
1121.3688999999997
1523.5191000000018
2009.8817999999999
1442.9929999999993
1888.3290999999986
1806.742699999999
1067.5214000000008
1650.4813000000006
1196.575300000001
1994.682700000001
1836.0435999999986
2076.9933
1932.0273999999984
1088.7101000000005
1498.7593000000008
891.9460000000004
1894.2128999999995
1581.0534999999998
1651.8576000000003
1428.4245000000008
1019.7389999999997
1327.9970000000017
809.9290000000002
1423.2155000000002
839.9213000000001
1052.193400000001
1462.4021999999995
1379.2299999999998
1475.0993999999992
1075.3959000000007
1207.466900000001
1048.922100000001
1222.8266000000017
1204.956300000001
891.9886999999991
1074.2698999999998
658.5862000000002
1120.1635000000012
1095.9859000000015
1559.7948999999999
882.6901000000004
748.120500000001
1481.2272999999996
1547.7677999999994
1140.0289000000012
1290.4897999999996
1487.4318999999991
1172.5334000000012
867.3386000000002
634.2606999999998
667.357
651.7354999999995
1934.3679999999993
1226.960000000001
778.9363000000003
745.4450000000011
660.3082999999997
962.3636000000001
1082.092199999999
746.0090000000002
899.0334000000003
1211.595700000001
1350.3192000000004
986.1136999999994
1062.6338999999994
1330.9706000000006
654.5582999999997
1088.8191000000008
1225.1664999999996
1736.4401
1000.7791999999993
626.4644999999999
1223.5119999999995
657.3427999999999
762.7780000000004
1275.6170000000009
1284.4414000000006
627.1519000000005
758.461400000001
754.8078000000012
1067.6107000000013
1899.0033000000005
1221.4085000000005
631.4737999999999
1679.0378999999996
1468.5573999999997
904.8070000000004
761.2026000000009
1194.4744000000017
1046.0763
1093.936000000001
1283.2228000000005
1226.3333000000007
1251.6962000000008
1170.0796999999998
1445.0104
624.6301000000004
748.9367000000003
1220.9387999999997
780.5922000000002
980.0677
1328.6979000000015
588.9812999999998
1118.8473999999994
703.5450999999999
1935.0336999999993
545.3638000000003
839.7349000000004
1387.098999999999
648.0954999999997
974.7281999999998
660.5618000000001
1425.8995999999997
1715.4699000000005
1139.0739000000008
1360.5718000000006
786.4311000000006
1114.5824000000002
1587.9119999999996
950.2546999999994
783.8372999999998
881.1881000000004
1065.2018999999998
705.3294000000001
468.6451000000003
931.3664
905.9486000000006
522.6729000000001
1144.020400000001
625.2161999999996
1146.5817000000009
771.2694999999995
996.7786999999988
730.9652000000008
617.5832
1152.9694
548.2990000000002
1356.7605000000008
541.9407000000004
1101.6240000000005
447.49430000000024
833.4817000000003
864.5144999999995
697.4480000000003
824.7767000000006
1284.6989000000008
747.1884999999997
484.64480000000003
1316.9488000000003
467.10340000000014
768.1938000000002
930.7333999999995
1015.569599999999
620.3840000000004
1437.2349000000008
924.1219
865.7581
752.7808000000006
974.0037999999997
1034.9436999999987
896.2455999999997
517.9679999999997
668.8034000000006
527.2100000000003
1093.4753
632.4124999999999
858.5867999999989
1094.1706000000004
753.831000000001
272.15629999999976
285.2749
301.5067000000001
723.1828999999993
1142.0811000000012
515.2526999999995
920.5131999999999
772.4372999999999
478.09669999999977
902.6541999999994
783.7511000000002
768.6342000000003
866.4399000000002
703.0547999999995
1184.3269000000003
530.8285999999993
830.0448999999992
1106.534700000001
1199.9738000000011
317.4616999999999
772.6156000000001
770.4535999999996
1175.3328999999994
1053.2289000000012
719.6921000000002
776.9567999999992
1144.9347000000007
1060.5797999999993
788.8666999999983
334.63530000000026
567.6263999999992
710.3161000000003
287.88400000000007
306.79759999999993
717.2766999999999
623.5017999999997
1169.3077
900.5022000000006
756.0661000000009
1071.1904999999992
643.9046000000005
631.7888999999999
329.48650000000015
781.7021999999998
313.8548000000001
314.9314999999999
1147.3274000000006
718.9403999999998
778.7069999999992
774.4621
1056.7658999999996
904.1368000000006
628.6855999999996
295.9755000000001
1033.5687999999996
279.8133000000001
782.6946999999994
613.4590000000004
909.8847000000004
635.1156999999996
848.6997000000003
770.8851000000004
652.5219999999999
480.98169999999976
301.30210000000005
847.1094000000003
761.7129000000003
1178.0974000000006
933.6674000000004
475.30159999999967
959.8781999999999
770.5202999999997
1191.4618000000003
465.50359999999995
668.1536000000003
526.5474999999997
635.5504999999997
839.0738
787.8405999999985
353.1796000000002
656.2409
986.1087999999995
812.4959
633.1888
289.2574000000001
948.7808000000003
990.4426999999996
304.2858000000001
1048.8624
624.4156000000004
951.1470000000005
1024.5832000000003
737.3243999999999
278.53429999999975
508.52119999999945
363.0838000000001
1165.9625000000008
1029.8915999999997
333.5228000000003
783.5050999999995
1501.8735000000004
1201.4584000000016
1303.0455000000013
1395.2762999999984
1229.2878000000012
504.5124000000002
661.1506000000003
708.8025000000005
1085.9662000000003
1459.427
743.4471000000003
1422.6764000000019
887.7694000000001
644.6530000000006
1480.5728999999994
711.2464000000006
743.1599000000004
626.7123000000001
925.0195000000004
1345.4090999999994
626.2268000000005
608.2766000000001
822.8448999999996
1518.7117000000019
1289.969000000001
704.9800000000007
1468.7453000000003
672.7088000000005
1285.4450000000002
636.3673000000007
611.2536000000005
1154.1540000000016
620.2113000000002
612.9495000000002
773.2273999999999
1501.3267999999994
1323.1890000000005
915.7860000000005
1126.4676000000018
1268.8890000000001
1488.2996999999998
863.2091000000001
1056.635900000001
1486.0039000000013
747.8792000000003
1470.2921999999992
1362.5255000000016
1267.8250999999998
807.5475999999994
1141.5289000000005
1461.515599999999
693.6322000000006
1559.3605000000005
1415.6412000000016
625.2026000000001
1375.2873000000004
808.7447999999999
596.156
769.0467
1488.2569999999992
824.6829000000008
955.6544000000001
1202.148300000001
1537.7184999999988
1454.2513999999999
749.6146000000007
1101.6813000000016
1205.4023000000009
1411.4301999999993
622.2332000000001
1536.8904000000005
520.6515000000003
1402.256800000001
541.2556000000004
873.5375999999997
1313.5784000000008
1311.2375000000002
684.6177000000004
1464.8180000000004
1086.4563000000007
788.2871999999994
667.8930000000005
715.7004000000001
1472.5366000000006
853.9580000000004
635.8059000000004
1500.4117999999987
1424.0601000000013
823.9407000000001
1497.4704999999997
580.0006999999996
955.3698999999999
679.9910000000007
992.5618999999997
942.4683000000001
1166.5639000000015
623.1439000000005
1305.3839000000003
1442.3823000000014
762.5736000000003
1853.3118999999995
2038.3193000000017
2014.3709000000015
1870.2065999999995
1817.9613000000018
2036.0670000000007
2017.601
2026.0054999999986
2065.043700000001
1942.224000000002
2022.6338000000005
1992.8461999999997
1770.0255999999997
1955.2052
1854.138799999998
1952.871800000003
1819.3059
2008.6125999999997
1886.7905999999984
1917.1359000000004
1854.2563999999977
1807.3160999999998
2066.902400000001
1938.0093000000006
2057.6052
1846.609900000001
1917.5474
2076.9111
1707.9386000000004
2063.645300000001
1827.342199999999
1785.934899999999
1990.2078000000008
1977.1121000000007
2080.2804000000006
1790.3110999999976
1812.7955999999988
1987.6573
1951.4209000000003
1792.217599999999
1836.5288999999989
1997.3226000000002
1982.4662000000017
1809.6250999999988
1811.0096999999994
1988.860400000001
1850.2707000000003
1773.7764999999977
2150.007699999997
2109.537899999998
1837.0209000000002
1977.4006000000006
1913.6740000000004
1965.8482000000006
2041.0824000000005
1879.9170999999988
1988.9231000000027
2132.328200000003
1882.5504
1890.6244
1818.6243000000013
1860.3552999999977
1847.5433000000005
1964.101
1962.0624000000016
1873.5813000000012
1967.9937000000004
1820.6073000000013
2052.3454999999994
1803.5105999999994
2140.4294999999966
1995.1458000000014
1868.1197999999986
1960.189400000001
1881.036699999999
2078.043699999999
1851.4275999999986
2068.1261000000018
1950.3954000000012
1863.8223000000005
1935.8547
1873.9353999999994
1800.0746999999994
1935.5074000000004
1953.8355999999983
1912.084699999998
1969.063000000001
1765.893099999999
1869.0938
2061.9142999999995
1807.0346999999988
2012.4732000000006
2091.7076999999986
1858.8399999999997
1960.4123000000006
1808.2656
2000.3241
2092.883600000002
1779.9650999999992
1934.0191
1329.9732999999992
1193.2621000000001
927.4106999999995
1831.4275999999982
1457.3393999999982
768.258
1303.228199999999
1331.5407000000005
544.4000999999994
1159.0089000000003
2155.3902
1525.1527999999996
1793.1025999999983
1730.5619999999972
1543.0243000000003
1934.250699999999
1665.9282000000007
1802.5623000000005
1773.229
1330.5230999999987
1387.6391000000012
2157.7996
1759.3588999999995
1833.6726000000008
1359.4447999999995
1405.9016999999994
1622.2655999999995
847.8096000000004
1914.9057999999986
1444.1942000000004
1713.8723000000014
1574.4411000000002
1807.5273000000002
1073.5047000000009
1351.4826
2029.0210999999995
642.6116000000003
1843.9489
1706.3776000000007
416.0713000000002
1985.9043000000008
1989.2073000000005
1160.7846
694.83
1329.075199999999
1678.1726999999996
1870.156999999999
722.7461000000002
1612.7159999999994
1450.9559999999983
1500.0766000000003
1426.8477000000003
1174.0123
2126.2095999999983
1573.563199999999
1006.7375000000012
1448.0308000000007
1923.2543000000012
1255.445800000001
1871.9108
1331.5175000000006
1099.835300000001
844.3541000000004
174.13220000000015
1379.1772000000005
1126.737500000001
1135.4532000000008
1959.4560999999997
1355.6808999999994
856.7355000000002
1523.1834000000008
1388.0356000000008
1377.5541999999998
478.71389999999997
1503.372300000001
1610.957299999998
1431.7720000000002
1679.6678000000006
706.1468999999996
1666.4494999999995
1255.1716999999996
963.9821
1484.7772999999995
1871.576399999999
637.0901000000003
1507.3960999999995
1487.0248999999997
1703.7347999999977
963.5282999999997
1790.7685999999999
2150.5921999999973
908.4984000000001
1249.0886999999989
1335.4036999999998
1505.8509000000006
1716.2513999999999
1784.9491000000003
1289.7694999999994
999.7041000000002
1173.7516000000003
1387.0439000000003
1817.3955
1578.4128000000003
1786.843599999998
1870.3995999999993
1830.8194999999996
1822.6292999999998
1823.4004999999988
1343.7425999999998
1679.4972999999993
1352.5227
1280.2769000000012
1186.2318999999986
1475.5791000000004
1383.6068000000016
1261.8650000000016
1448.4957000000006
1436.627799999999
1329.5922
1614.3274999999976
938.0118000000001
1531.7368000000001
1769.9009999999992
1211.4120000000005
1254.0292000000013
2133.315099999997
1193.4440999999986
1606.797399999999
1562.9285999999981
1850.8758999999998
538.9873000000001
1484.7367000000004
1361.9752999999996
1129.8603000000007
668.5831000000003
1457.1825000000003
1121.3073000000004
1173.1244000000004
1740.6825000000006
1285.8524000000004
888.2370000000001
1331.7783000000002
797.2038000000003
1823.6878999999994
1065.7242999999996
1918.6987999999992
1906.786399999999
1103.043999999999
775.5173999999997
1730.382099999998
1637.7731000000006
1596.0094000000013
1882.2519000000016
2121.733899999999
1440.6171999999995
773.0709000000004
1630.8527999999988
713.6604000000001
1279.0432000000003
1834.954
1883.5499000000002
800.2897000000005
711.2151999999996
1370.6649000000014
1603.3161000000007
1089.5171000000005
786.6301999999995
1690.8259999999989
1520.0670999999995
2019.0289000000002
1830.2147
1869.7958
969.0800000000002
1807.4091000000012
1105.542900000001
1417.8170000000007
1636.688899999999
1911.8970999999997
1650.441599999999
1669.803599999999
917.1691000000001
1830.4082999999994
1885.7199999999991
1583.2159999999985
1601.0688999999984
1424.0300000000007
545.9187000000002
1044.3158000000005
766.2312000000006
1432.2868000000005
1930.4998999999984
1959.4331000000013
1257.564400000001
1487.9424999999987
1183.5557000000017
1515.4272999999998
1671.0352000000003
1778.5604999999987
1322.669600000001
1599.0463
1507.5359000000008
1391.2653000000003
1903.7614999999998
1547.8660999999984
1114.8985
1591.224399999999
1376.6642
1477.9163
1618.9554999999993
1932.5300999999981
1496.4307000000006
1589.8468000000007
1731.5607000000018
1520.2081000000005
1602.2822999999996
2147.1785999999975
1889.1585999999973
2076.786200000001
1541.1258000000003
961.0634999999999
1128.9779000000017
2148.394400000002
1975.0180000000018
1983.656600000001
1376.8900000000017
1635.9337000000007
856.8091000000002
511.67570000000046
1405.8078999999998
1545.8814000000004
1223.4501999999993
1038.2265000000004
1142.3548999999998
1898.3711999999985
1950.380799999999
1634.0957000000012
1728.5109000000014
1937.9313999999986
2016.5108000000018
1757.247899999999
1563.5216999999993
1632.340299999998
1798.1143999999993
1485.5550999999991
1986.6955999999998
1452.5457000000006
1310.732499999999
1837.8777000000014
1768.5444999999984
1839.4635999999987
540.5826999999994
713.9158999999999
1856.8442999999984
1585.6176999999973
1756.8113
1943.4702999999997
1606.8020999999997
1943.0402000000004
1565.3510999999999
1977.4770999999996
1204.7634
1794.8263000000013
829.5504000000008
1554.2090999999991
1691.8814999999986
1687.4095000000004
1150.0340999999994
1509.5460000000003
996.155600000001
1837.750799999999
1641.2767999999994
737.0545000000003
1579.6637000000012
1784.5221999999992
788.7107000000008
1225.7629000000002
1637.2088
1811.8054999999988
1805.1980999999982
1026.7755999999995
978.6500000000008
926.4675999999994
941.9905999999988
1502.7689000000005
1410.3972000000006
753.6826000000005
1756.2564999999988
1081.9309999999994
1084.5037999999995
1819.0009000000002
1521.4603000000002
1085.8637000000008
1806.419299999998
1227.601800000001
1085.8467999999996
1548.1489000000008
613.0122999999998
1330.2091000000007
1182.9917000000016
1671.9512000000004
745.7659000000007
1284.2245000000007
1017.0629999999996
1869.0150000000006
1452.416399999999
1435.4107999999999
1746.0132
1686.980999999999
873.4002000000007
1912.183300000001
1734.3017999999988
1100.6675000000005
1186.4968999999985
1659.1732999999992
1589.5792999999987
1151.2216
1704.616
1730.002199999998
1657.8257999999996
1569.1244
1456.5729000000003
1735.8556999999973
765.0234000000002
1358.9060000000006
1347.3832000000011
1610.4322999999981
1192.3715000000004
1626.4296999999992
1830.6610000000003
936.6553999999995
1491.7266000000006
1248.6849000000004
1840.2901999999992
1625.296
1337.0804000000003
645.8665000000005
1193.2955000000015
1867.3910999999996
1660.114
909.0938000000003
1858.2606999999978
1292.394599999999
1212.8214000000007
1777.0617000000002
1491.269700000001
1446.1418999999985
629.2163999999999
1075.9177999999995
1813.1470000000002
1637.185399999998
934.3846000000005
965.0018999999998
1858.067300000001
1140.1222000000005
1328.9654999999987
1757.0881
1576.8643000000002
1456.810100000001
842.5183000000006
1841.3517999999997
1533.0279000000016
1748.729099999998
1806.7237999999995
1392.337599999999
1522.865200000001
1548.8388999999995
1879.3120999999999
832.8638000000008
1726.5204999999985
1648.0033
1552.948599999999
1384.7341999999992
1782.9285000000007
821.5861000000003
1622.7778999999998
1400.4723999999997
1876.588800000002
2007.5475000000013
1523.7188999999992
1607.6943999999996
1446.3189999999997
1821.9473999999984
1648.0980000000013
950.0217999999998
1027.3369000000002
1318.0539999999994
1241.6492000000005
1464.6652999999983
1786.5821999999985
2128.7846999999983
1492.1340000000005
1242.9057000000012
1220.1840999999995
1169.9755000000002
1516.2177999999992
1128.9392999999993
1960.4722999999985
1746.614199999999
1763.2556000000013
1263.9449000000013
1630.8897000000009
1530.0332999999994
279.6607999999997
2101.189000000002
1388.0356000000008
1619.4385
1611.3988999999983
1750.6841999999995
1877.1024000000007
984.1160000000011
637.7044999999993
1141.5134
669.9999
1776.4199999999985
1795.1279000000002
1903.913499999999
468.1490000000003
1380.2631000000017
1717.1445999999994
1545.3951000000004
1582.6120999999991
1464.8670000000006
1175.0559999999998
1792.0173999999988
1090.7833000000005
1623.6053000000002
1649.9748999999997
1514.428400000001
1957.884800000001
1670.0074999999983
730.6298000000003
1645.0162999999986
626.5502000000002
1597.852899999998
1813.4099000000008
1790.1269999999995
822.6270000000003
1485.4259000000002
1222.9066999999993
963.0282000000001
1717.5988000000004
848.0369000000005
1654.2463
1655.7685000000006
1649.779199999999
1951.197899999999
1848.1378999999995
1505.5743000000014
1156.0633000000003
1177.8298
1703.1453999999992
1284.739200000001
1551.0445999999988
1513.8640000000003
700.8466999999999
1172.596199999999
1329.8549999999989
1008.6204999999992
1826.6450999999984
1348.0828000000004
1999.276800000001
502.3768
1774.7964999999997
1479.651000000001
1870.973200000001
1711.5649000000005
373.0437999999997
775.3964
1780.3055999999988
637.2693999999997
1000.1293000000005
1529.764700000001
1488.2208000000007
1707.6381000000008
1355.9251999999992
1824.077800000001
1338.0513
1772.2084999999997
823.3948999999994
1506.4484000000004
1509.9576000000002
1130.9087
1510.0424000000007
1566.0499000000013
1640.029200000001
464.50750000000016
1188.1200999999985
840.3485000000002
1446.5998999999993
1550.1109
1091.7661000000003
1123.9290000000005
944.357500000001
1083.7602000000002
1088.4942
1599.532500000001
1888.3778999999981
1924.6657000000007
1955.5449000000008
1341.7152000000006
1948.8824999999995
1809.4906999999982
1010.2367000000003
1216.4982000000011
760.5107999999999
1075.3810999999998
1488.8947999999987
1152.945
1807.9001999999996
1835.3828000000012
1484.429299999999
816.1116999999999
1520.2228000000002
1231.6600999999996
1709.1042999999993
1690.9300999999996
1912.9426999999987
1213.8187000000005
1797.0906000000004
826.0057000000002
1516.8158999999994
1319.241099999999
1110.6261999999997
1695.3448999999991
1375.2606000000003
1615.3531000000005
1664.3715000000004
922.6657999999999
1258.8640000000014
1575.8363999999992
691.9092000000007
1629.0228999999974
1365.8872999999994
879.9040999999997
1880.3267000000005
1485.3529999999985
2151.4209999999994
1201.2126000000007
517.0296999999998
1089.3585999999991
1494.4483999999993
1880.2417999999996
1779.4997999999996
1712.5857000000003
1357.7377999999985
1345.4533999999996
1646.7814000000005
1628.1917
1411.6162000000002
1443.3964
1903.933499999999
1388.0356000000008
1594.9994999999979
1421.2287000000008
1663.8953000000006
1833.743499999999
1805.4176999999995
1845.2235000000003
1307.3866999999984
1148.8902000000007
1089.829499999999
1461.8951000000006
1582.4987000000008
968.5588999999993
1969.0998000000006
1543.2222000000015
781.1648999999999
1547.2338999999993
1993.386899999999
1484.3636000000004
1134.2802000000008
1059.6834999999985
1498.0001000000004
1243.6281000000004
832.8120999999996
1365.9897
953.1699000000001
1400.0008000000005
1223.0213999999996
1320.2944999999986
1637.7033999999999
963.8115999999994
1207.7750000000005
1169.7717000000002
1131.9191999999996
1488.5052000000007
1682.7368999999994
778.4629000000008
1707.4440000000002
1226.4508
442.26669999999984
1371.4898999999994
963.8087000000003
1456.0752
955.7655000000002
1657.2355999999988
1217.7575000000006
1378.6523999999997
1352.724599999999
1731.7873000000006
1129.5376999999994
1611.8473999999985
1193.0440000000003
1618.4854999999993
1897.5704
2098.2109999999984
1671.6012999999998
1292.849599999999
637.1754999999997
1753.9170000000001
1541.8859000000002
1485.5122000000013
1429.0367999999996
1514.9455999999993
1884.3352999999988
1537.1630000000005
1476.3788000000004
1502.1180000000002
1051.4175000000002
2055.2022
1839.2973999999986
1950.4051999999997
1110.014099999999
1375.8799
1528.2650999999998
1630.6934000000006
1444.6081000000008
676.8104999999996
1805.1816999999999
1447.580600000001
1757.949699999998
1396.6993000000016
893.1498999999999
1722.573699999997
1815.1218000000001
1388.6332
1907.5977999999998
1537.7268
1577.9404999999983
747.0165000000005
1515.6507000000001
2134.5829000000017
1389.0015999999998
1523.543
1911.9090999999985
1711.9900999999998
1469.144199999999
1859.3442000000007
1487.3523000000005
1522.8974000000003
1538.953499999999
1494.6284000000016
1553.7078000000004
2098.9629999999997
924.4738999999994
770.3965000000009
1844.4492
1479.0555000000002
1263.6468000000013
424.36940000000016
1379.1163000000004
798.6727999999999
935.8197999999994
1829.083699999999
964.6996999999999
1504.2457999999992
1738.8342000000014
1750.2824999999991
1371.1052
1829.9246999999991
1381.9287999999985
1172.4978999999996
1385.9904999999997
1855.6462999999994
1553.9175
1665.677200000001
1609.0502999999985
1401.4141
994.3371999999996
1520.6608999999996
1496.3067000000003
1238.2804000000015
1466.7401000000004
1674.8999000000006
1576.9435000000005
1233.0750999999996
1684.4258000000002
1534.232499999999
1620.7047999999986
1746.0951999999995
1110.4941
1923.0699999999983
1495.6934000000006
1812.274199999998
1042.4656999999993
2065.9377000000004
1581.6530999999998
1933.458600000001
1297.8801000000014
1049.9848999999992
1917.7573999999988
1755.657799999999
1511.7954000000007
1006.6442000000002
1272.6830000000014
1816.7539999999997
1542.3399000000009
1578.902199999999
1363.074099999999
433.55969999999985
1626.9249000000004
972.7911
858.0394000000005
1266.8837000000003
2183.3903999999998
1290.9157999999986
1409.608600000001
1702.7761000000007
1008.0321999999995
656.1171999999997
1324.4439000000011
1500.8528999999999
1403.1425000000004
1554.9077
974.8071000000002
1155.6733000000013
1355.7323000000004
1403.8744999999992
1485.9498000000012
1323.648900000001
1915.6024999999986
1527.6394999999998
1191.3419000000001
819.4452000000003
1509.8995000000014
1753.9424000000006
1568.3371000000002
1434.7502999999997
1503.0256999999997
719.0483000000005
1475.3952000000004
1046.7824000000003
815.5926000000004
1342.812
1557.2328000000002
1616.6851000000004
1854.6723999999988
1282.5709000000002
1730.1077000000002
919.6684999999997
1616.2309999999995
1863.6040000000012
999.7961000000007
1919.7630999999988
1207.8067000000008
1882.5236999999981
743.2457000000006
608.6486000000001
1491.7174000000011
1100.0911
1802.2795999999994
1268.5613000000005
1821.0902000000008
1561.5335000000016
1476.713800000001
1650.4633999999994
1198.3993000000007
878.0360999999997
1791.589000000001
1733.4654999999975
578.2833000000003
1210.3796000000004
812.081
1138.2150000000013
891.3246000000008
1501.9267000000002
1453.1177999999989
1548.9971000000003
2065.0920000000006
600.0153000000005
769.7365999999992
568.4734999999997
1349.1884999999993
1094.9559999999994
1591.9889999999996
1028.4830000000004
2149.784900000003
1615.5416000000002
276.6542999999998
1515.1804000000002
1255.1034000000013
636.7813000000009
1191.3029999999997
1455.2592000000002
852.2721000000003
1722.7646000000004
1822.791899999998
1709.2829000000013
799.0357999999999
419.7342000000002
1498.7018999999993
1091.0994000000005
1504.2719
1509.2445
1183.3410999999994
1665.6345999999983
438.3337000000001
646.5530000000002
1683.429500000001
1629.0038000000006
763.7762000000001
950.6724999999999
1140.8680000000013
1437.2674000000009
1455.7815000000005
1399.1164999999996
1797.004799999998
389.1542999999999
1347.4767999999988
833.3718999999994
1506.5802999999992
1641.0632999999996
1760.0237999999988
1675.577300000001
1469.574400000001
1870.223699999999
1416.8449000000003
1914.0111999999988
1219.6203000000014
1611.0017000000005
901.2937000000003
1465.4173999999996
1219.1645999999998
769.4289000000003
1556.5255999999986
1663.951099999999
1557.7275999999997
1695.5372999999993
1421.3418
1670.4193999999998
1486.1903999999988
1200.0581999999986
1339.5723999999984
1280.1280000000008
852.3425000000009
1756.9568000000013
1634.9446999999998
1518.2474999999997
1380.1031999999989
2008.1482000000005
1851.6560000000018
1799.350599999999
433.46539999999993
1200.4451000000006
1245.2449000000006
1974.6492000000012
1561.4546999999989
1106.1469000000002
1512.6251999999995
969.8193000000002
1871.4994999999992
1721.298099999999
2133.112999999999
1620.7718999999995
1482.552499999998
985.5005000000008
1941.8027000000002
1712.189300000001
536.1500000000005
1280.3085000000008
907.5763999999996
1361.0786999999996
1518.4281999999994
1498.4517
1491.455199999999
1642.8101000000001
1479.7239000000013
1884.1423000000004
1297.5003000000015
1172.4650999999994
1494.8853
1563.3418
771.5112000000008
1501.7864999999997
1504.1754999999996
1028.5458000000003
632.9366999999997
900.1046000000001
1357.3783000000008
1054.6006999999997
1565.1176000000005
1018.7236999999993
1800.0784999999987
1706.7087000000001
720.2198999999999
1548.5837999999994
1503.0057000000002
1359.661
1270.660100000001
1343.8168999999991
1802.1664000000005
1527.2245000000005
1856.8856999999998
2104.4062000000026
1938.1982999999998
1659.4717999999993
1390.2947000000008
1090.1714000000006
1479.0920000000003
1473.4735000000003
1727.9806999999987
1751.0523000000019
610.0908000000004
1834.7791
1859.8756999999996
1846.5964999999994
1712.721399999999
1314.1597999999992
1381.1767999999993
1187.9022999999997
1264.683899999999
1747.3986000000004
751.0405000000007
381.7223999999998
853.3809
592.5550000000003
1330.8195999999994
1064.0843999999997
895.9450000000006
685.8319
942.5346000000001
1555.2080000000014
1380.7244000000003
651.1165000000002
1122.6947999999988
1911.2438
908.4447999999995
1753.3389999999986
1859.3442000000007
1530.2755000000004
1660.7581000000011
419.5403000000001
1480.5553999999993
1520.3526000000004
1001.5678999999997
1347.313900000001
1187.4116000000004
1144.487799999999
1956.8081000000018
1316.7970000000016
1539.0750999999996
736.3162
2089.0625000000027
1123.5026999999995
1960.658200000001
1175.8197999999977
1391.2703999999999
1338.8104000000008
1654.9883000000011
692.6901999999998
1456.2884999999997
410.1703999999999
1450.3883999999994
1702.4553000000005
1876.9435999999978
416.0640000000001
1746.7512000000006
780.2440999999998
1034.0322000000006
965.0744000000002
1224.599600000001
1699.8784000000005
1412.6101000000008
1540.9087000000006
1469.3177999999984
898.0387000000005
740.0801000000002
1175.585900000001
1913.4965999999997
1796.7458000000004
1144.2948999999999
2087.1091999999985
1841.2875000000008
1620.339900000002
972.4494999999998
1563.654600000001
1484.8752000000002
747.7715000000009
1537.7539999999995
1133.868600000001
1631.1735
1332.1357000000003
1371.3334000000004
1660.1231
1478.5628000000004
1376.1311000000017
1658.7696999999994
1732.962399999998
1609.5217000000014
1463.673499999998
1286.3066000000001
1573.1882999999998
1804.630799999999
1126.4729000000004
1676.9654999999996
1208.5288000000012
913.7992999999999
1696.7794999999976
1582.6787999999997
1906.5361999999984
957.6654000000002
1189.3342999999986
1150.4025999999994
1067.9962999999998
1822.8888999999992
1228.3211999999999
1949.1466999999998
646.3769000000002
1369.9353999999994
1409.2153999999991
1327.3375000000003
1528.5752000000005
1734.0794999999998
1882.5897999999997
1576.0150999999992
1211.1820999999998
1283.189399999999
1724.8224000000012
2118.2641
489.00519999999995
1976.841600000002
802.1189999999993
949.5750000000006
1737.5787000000003
1026.9652999999998
1451.9862000000003
594.9715000000003
1841.1970000000003
1466.1462999999994
1938.6199999999985
1914.5101999999993
1274.614300000001
1657.4696999999994
1502.042899999998
1903.1299999999997
1658.8481999999985
1469.312999999999
917.3372000000008
844.6400999999995
1584.8493999999998
900.9377000000005
1680.6891999999996
1344.3202999999996
1367.6438999999996
2200.282400000001
1596.2094000000006
1632.2503999999985
1600.6964999999989
1175.9436000000014
1785.8867999999982
1725.9018999999998
1909.3606
585.5764999999999
1056.6971999999996
1095.5928000000013
1427.201
1817.7418000000005
1740.853599999998
1481.2935000000007
1778.2275999999986
1634.7198000000003
1469.616599999998
1667.1591999999987
1757.2212000000002
1490.4950999999992
1961.5004999999992
1022.6411
1303.5209999999997
988.1366000000006
1697.8375999999987
1732.7731000000006
1735.7227000000023
621.1837
1360.069399999999
821.3498000000005
1288.6967000000002
1267.4170000000013
1190.5665000000017
540.5296000000003
1472.0547000000006
1405.9193
1647.1509999999998
1183.734599999999
712.9233
1098.1384000000005
1538.3868000000002
602.4441000000003
654.3423000000006
1612.453700000002
1766.3254999999988
1224.2623000000003
1738.9784999999974
1616.2308999999996
1760.0760999999986
1657.2886999999987
1625.6017999999995
1630.5525
1390.2877999999992
1750.2968999999994
1598.4057999999995
1229.9132000000004
756.002800000001
1130.6172999999994
1098.8649000000003
1523.2126999999991
558.0876000000003
1521.5700000000004
1887.0091999999997
1707.4480999999992
1387.993900000001
1444.7691
970.5952000000001
1725.8952000000013
2143.5248999999994
1476.7317
1171.3102999999994
1822.9063000000003
1252.4633999999999
1340.8120999999999
1515.1107999999995
1582.7760999999998
995.5499000000009
1218.0314000000017
1844.1679000000004
1777.9571000000003
1891.8659999999995
1223.961899999999
1617.2206999999983
1679.649999999998
1620.1614000000004
1918.6348999999984
1713.3390999999976
1530.3920999999987
1730.7432000000015
1336.7172999999996
1806.7004999999997
1404.3199000000002
1629.1276999999993
1358.5382000000004
1521.5938999999998
1486.0104000000006
1480.356700000001
880.3912000000003
653.3854999999995
1729.4633
1611.149599999999
1286.7937000000006
943.3412000000006
1147.6544999999999
1495.0760000000016
1238.23
625.1316000000005
733.6752000000001
1577.2883999999988
1710.5003000000004
1512.5917999999986
1474.6499000000006
1932.4131000000011
1919.9031999999995
2017.5200999999997
1202.5343000000023
1505.4175999999995
1050.2817999999993
1234.449600000001
933.2912000000006
1798.2344000000005
644.7507
1648.1636000000005
1131.6129
1687.8394999999998
1854.0340999999985
1387.4287000000008
1606.187500000001
984.5419999999996
1505.1507000000001
1724.8524000000011
480.9638999999994
1382.1368999999997
1216.0598999999993
1453.1234000000006
1375.2591000000002
1556.2988000000003
735.8776999999998
1410.9711000000004
1493.9314999999997
251.8496000000002
790.2427
1940.8374999999996
1584.4646999999986
930.6967000000004
1187.9976000000004
1797.9271999999996
597.8200999999995
725.3026000000004
1930.3623999999993
1684.5467000000012
1734.7296000000008
1889.249699999998
1956.2447000000002
1289.019899999999
1500.758400000001
1252.3575000000005
1782.684
1699.5014999999994
1609.9094999999995
1560.0569
2039.9732000000022
607.8424000000007
1737.8022
1329.6254000000004
1477.0456000000008
1523.2253999999998
758.2892000000002
1238.6252000000015
1517.5415999999998
1469.7645000000002
812.3678000000001
1428.0834000000002
1897.5416999999993
1347.9234999999994
920.2847999999998
1483.9179000000017
1349.1632000000006
1584.7993999999992
1886.7185999999995
1915.6580999999985
572.9458999999999
279.85130000000026
719.1071999999995
1460.3803000000005
1749.161299999999
1842.1447000000003
1579.5915
1535.668700000001
1803.9476000000006
1699.9783999999981
1743.1875000000011
633.3523999999999
1795.6392999999985
1829.328799999999
1575.0095999999999
1728.8045000000002
1912.868999999998
1458.9751999999999
1875.8993999999998
1455.0520000000006
1251.807100000001
1468.1393999999991
839.5153000000006
1589.8796999999997
1517.4083
1781.6556999999996
1249.6478000000016
1443.3512000000005
280.68530000000015
1842.0519999999995
1427.366
1395.1492000000012
518.2582000000006
907.7982000000004
1834.634499999999
1571.8402
1732.067199999998
1022.9763
1842.6427999999983
1445.1059999999998
861.4874000000003
1790.9140999999986
1276.0759000000003
929.5969000000006
713.0225999999999
1291.9610999999993
1880.1345000000008
1993.0411000000008
1453.846899999999
661.4140999999997
1223.2432999999978
1149.7966000000004
1063.7993000000006
1723.9412999999984
1281.4711000000007
1487.4718000000007
1328.4545999999993
1505.8760000000009
1494.127699999998
1807.8029999999999
808.4147000000002
1390.2397000000005
1861.0528999999995
1694.8647999999985
412.21939999999995
1963.4247999999995
1471.0179999999996
2120.5266999999985
1770.9801000000004
760.3914999999994
1180.6962000000015
662.9192999999999
1674.6558999999993
1695.7756999999992
762.5329000000008
1111.3207000000004
1747.2232999999992
569.9839
1033.8286999999996
908.3076000000001
1672.1513000000011
1524.6681000000003
2151.997599999998
951.9719999999994
1221.6194999999984
1226.2773999999997
1561.7284999999993
1933.8255999999976
653.9955999999997
1854.054199999999
1234.0939000000005
1474.9768
764.7847000000003
1663.9566999999984
1477.9163
1921.8886000000016
1797.011799999999
707.0834999999996
1623.0647999999983
1168.7505000000008
1867.847200000001
1372.3591999999983
1634.5805000000003
1690.9814
770.4401000000003
1152.7589
1066.8875999999998
924.8094000000003
1468.0485999999999
1500.2594999999992
1640.5860999999995
1474.816099999999
1354.773999999999
1546.0302000000001
1261.8309999999997
1415.2774000000004
1373.5530999999987
2029.9389000000003
1017.2266999999996
1833.7197000000006
1600.9103000000005
1656.1889
1511.2551999999998
1122.2905999999987
1489.1493000000005
1893.5323
1643.7916999999993
850.0195999999997
1558.0865999999996
1484.2015000000006
2062.4900000000007
1673.9995000000013
1728.0237999999983
1760.8164000000002
1427.6406999999995
1496.0064000000007
1636.2291999999989
1814.1643000000001
1139.0185000000013
1559.5877000000007
807.5069999999997
1745.482399999999
1834.9539999999997
469.51019999999994
1613.6387999999995
1857.2985999999985
1911.9426
1473.3645000000001
1454.6022999999998
776.1261000000006
1111.9076
1820.5981999999997
1168.012399999999
1665.5647000000004
1278.4897000000005
772.0298999999999
1508.0640000000003
1572.133899999998
1401.4980000000005
1759.4813999999972
1224.2091000000014
377.74409999999995
869.0368999999997
1768.3965000000005
2040.2781000000014
1816.1183000000005
1645.1725000000006
2022.2762999999986
1338.9405000000008
1530.4162999999994
1670.9572000000003
1593.9365999999995
1331.0871000000013
1502.5069000000005
1451.7919999999983
1669.2993999999992
1087.4912999999997
1482.764500000001
1501.8804999999993
1171.2506000000008
1011.5668999999996
691.0771000000003
1822.0981999999997
1315.3563000000001
1452.6544000000006
899.5582000000005
1184.8574000000015
1473.8347
1594.4133999999997
1105.7972999999997
1329.7264999999998
1727.9125000000008
815.1788000000006
1884.163599999999
931.2678999999994
776.7289999999999
1710.7746000000009
1019.2503999999992
1666.0438000000006
1944.7342
1073.2364999999995
1825.5112999999985
1848.6867000000016
1928.2237999999986
708.1245000000001
394.45689999999973
893.0285000000003
1544.247499999999
1750.6675999999993
595.8090000000007
1795.5880999999995
1828.1950999999992
1283.2282000000002
1605.1604000000007
845.3445999999994
711.0543999999998
1734.797799999999
812.1095
160.13309999999998
1320.4084999999995
1815.8561999999997
1664.2068000000008
1607.8833000000013
1928.6765999999998
1740.0473000000002
2009.5217000000016
1679.5536999999997
1439.7897999999993
1234.9461000000003
1692.1279999999997
953.6137000000002
1503.5296999999998
1498.2038
1822.791899999998
1169.7298
1640.3609999999999
1205.7281000000012
1566.8716000000013
1552.4499000000003
1358.5068
1384.9726999999998
913.8306000000006
1857.6598000000004
1051.1336000000001
1739.5440999999994
2075.310500000002
768.7982000000005
1846.6862000000008
163.46370000000002
1977.1019999999996
1364.4323000000015
1722.3292000000013
1712.377800000001
1011.6111000000003
1814.3346999999987
1962.0281
1662.8537999999985
1595.8396999999995
617.7333999999998
1521.0664
1706.013300000001
1324.5863000000004
1450.9641000000001
1758.4551999999999
999.4125999999995
1880.2683000000004
1568.9129999999998
1246.7756
279.3089000000002
1901.8905000000022
431.77150000000006
268.1894999999998
1185.5375
898.0722000000002
1813.527
1788.8893999999993
1516.3361999999993
1828.9240999999986
1549.3012999999994
1468.5249000000006
1578.5126999999982
1132.699
811.5458000000004
1720.2114999999974
1279.5467
1544.1958000000002
1373.1762999999992
1396.2447999999997
1671.700299999999
1665.4099999999983
1499.1585000000011
658.0303000000002
1513.692
1465.1130000000003
1871.0893999999992
1069.2393000000013
667.2705999999998
1158.4238000000012
1228.6552999999994
1357.3187999999996
1015.4054
1621.0803999999998
1529.6251999999993
1733.911299999998
768.4687000000002
1781.8281999999995
835.2131999999999
1964.677200000001
1911.8318999999992
1480.393800000001
1179.2804999999985
1510.3105000000003
868.4103999999995
1868.228400000001
1296.1022
845.0052000000002
1609.5338000000008
1041.1755999999991
849.0684999999996
530.9462999999996
921.5943999999998
514.8326999999998
1853.1876000000009
1884.5137999999995
1651.1281999999974
1269.6424999999997
1199.2453000000005
433.26849999999996
1516.9332999999992
1737.302799999997
1202.5890000000013
446.7232999999997
1629.1681999999994
1621.4730999999983
580.3307999999995
1343.0486999999985
705.0981999999993
981.0461999999997
1159.4084000000005
1999.3532000000007
895.2351
317.9506000000002
1287.5694000000005
1959.9558999999995
1493.5953999999997
1859.5843000000011
1870.1431999999998
1262.241000000001
1617.7901999999997
1870.353199999999
1277.420399999999
919.2498999999995
1061.6586999999997
1720.5778000000005
1338.3084000000006
1588.6017999999988
980.0677
1516.5164000000002
2171.604900000002
1603.2856
1170.2823000000012
1921.8243999999997
1895.0562999999984
1380.2920000000004
1690.6492
1570.0249000000001
970.6812999999996
1923.6905999999988
1341.616200000001
1230.6997000000017
1521.2965
1759.7515999999991
1493.239599999998
501.1121999999998
1537.5056000000002
797.0782000000008
1090.4441999999997
222.52740000000006
1685.978799999999
1886.0595000000003
1704.2096999999992
1193.8310000000006
1204.0061
1709.6082000000001
1906.6900999999996
1574.838699999999
1279.7328000000007
1479.4834999999998
592.4981000000004
1804.2226999999993
1826.0098
1056.0379999999993
1814.3599999999985
1308.3569999999984
1706.3816000000013
1873.4349000000004
1630.3263999999983
657.1709000000009
985.1087999999995
1505.4059000000002
1836.4553999999996
1518.5690999999995
1178.7811000000002
1532.4127
1410.2247999999995
1203.6012000000012
1818.6227999999992
1583.4734999999991
1821.8866000000014
1596.5111999999988
917.8551999999993
1826.1117000000002
1505.9633999999996
1658.3914000000007
1028.1982
1577.6085999999998
1164.3363000000018
927.594800000001
1469.6070000000004
1624.488600000001
1536.9221000000002
1477.9680000000014
1880.7997999999998
1215.3289
756.4677
954.8381000000003
1766.8757999999996
1685.3987999999986
1679.9860000000012
1370.8709000000015
1283.9192999999998
1305.519599999999
722.9373999999999
1964.0270000000016
1193.6822000000006
1927.7940000000003
1024.5832000000003
1654.4716
633.2023999999998
1391.1613
1257.8179999999986
1103.768800000001
415.7550999999998
1694.4154000000003
1717.6983000000014
562.9446999999994
1146.5270000000007
2031.9813000000004
1825.0915999999995
1133.1160000000007
1872.7470000000003
1387.764800000001
1605.0070000000005
1516.4087999999995
1489.765
2110.7318
957.5455000000002
627.6277999999999
1922.495099999998
1643.2897999999968
1523.887999999999
1882.5043999999987
2188.531100000002
1501.543300000001
1632.6943
1589.4043999999985
1401.0457999999999
1232.2342000000015
1221.2362000000012
1285.8933000000009
1530.8909999999998
1514.6003999999998
1929.4938999999993
1527.0781
1588.5804000000007
1644.7946999999992
1680.4719999999988
1289.4051999999992
1828.8089000000016
1053.3539999999996
1404.5337999999997
1428.2568000000008
1526.2172999999996
2075.084499999999
611.5543000000001
1067.2935000000002
1399.1871000000006
1921.7665000000013
1774.4384
1162.2174000000007
1936.0550000000003
1637.9314999999997
1650.0204999999996
1776.1598000000015
926.6502999999998
856.8991999999998
1818.7043999999994
291.6719999999998
1864.6800999999998
1931.772399999999
1964.7104999999992
1729.6816000000008
1375.847999999999
1490.1145
1518.3250999999996
1830.1963999999994
241.38960000000006
1621.430699999998
1181.5087000000005
1182.7889000000007
1936.8080999999977
1315.113200000001
1186.0653
1475.5765000000015
1658.6480999999978
1621.8965999999987
1491.7616999999989
1604.7246999999998
1401.677899999999
1827.5380000000005
849.0741999999992
1362.1093000000005
1110.4344999999996
1208.4090999999996
738.0287000000003
666.0049
946.3783999999998
1567.9890999999996
599.6572
1497.6369999999995
843.7029000000006
1533.6046
1952.154200000001
1845.5953
1555.7230999999988
1883.6391000000003
1519.1184999999998
1351.2202999999995
1529.7633999999991
1926.1433000000002
1164.5249999999992
587.3993999999997
1188.4737000000014
1786.7892000000006
1612.1499999999994
1884.861
1888.4885000000004
671.8246999999999
422.7793000000001
1741.9464999999989
1098.2043000000006
1798.0015000000008
931.4776999999991
1840.8501999999996
1136.092899999999
1594.801799999999
1187.4050000000007
1170.536599999998
1250.8972000000012
1440.6757999999982
1960.3977000000004
1262.4556999999998
2034.2171999999994
1494.6629999999993
1513.606199999999
1642.6958000000004
1689.9327999999994
1880.1184999999998
1735.3062999999995
1587.8755000000006
1192.9474000000007
2095.675600000001
1103.0964000000008
809.4941000000014
1586.2846000000004
1240.2329000000004
1587.5494999999996
844.0306000000002
1281.0295999999994
1237.0925999999993
1638.0562999999997
1615.8780000000002
1982.1046999999994
1198.6038000000005
1493.6858
1581.1840999999997
581.1829999999995
1699.4871000000012
1557.4931
1863.2430000000002
1862.7282999999984
656.3668000000001
600.4105000000003
1680.6778999999997
1874.6396999999984
1170.7903000000006
1876.8663000000017
791.1452999999997
1218.2618000000011
1387.9868000000001
751.4010000000011
2120.068799999999
1413.0130000000001
1136.4393000000005
1815.2389999999991
1829.5789000000004
1476.6569000000006
1018.7639999999985
805.0422
1458.908999999999
1594.7380000000005
1796.3362
1510.9040000000011
1733.4325000000008
1613.3555999999996
1193.3388999999986
1864.8049
1635.4942999999996
1365.8894999999993
1832.5697999999993
325.5869999999999
1694.772300000001
1363.6574000000007
1656.6097999999986
634.4692
701.6234
1904.8117999999993
1810.5289999999989
1232.3802999999996
967.1230999999993
1576.1152
1867.0074999999988
1706.3383000000008
1336.4321
1642.3719000000006
1659.5436000000002
1199.435800000001
1642.5243000000005
1654.9556999999993
1504.0886999999989
1211.6282999999999
1299.5832000000012
934.1727000000002
1742.8365
2083.986400000002
1525.1418000000008
1913.0835999999993
2177.5834000000013
1831.1591000000012
1482.8978
1617.4788000000003
692.8026999999996
887.5816000000002
1499.7359000000004
775.497
1478.7256999999997
1435.8039999999987
1971.7405000000006
859.1052000000001
1736.5494000000015
1651.7488999999994
1584.2700999999977
1674.3636000000001
1558.2481
1820.9126999999996
570.3528000000002
910.9336999999998
691.6501000000005
1440.725
758.1372
1857.0610999999997
1698.7900000000002
2083.8922999999986
1637.0256000000002
1341.7811000000002
1082.1107999999997
458.0121000000002
955.5575999999998
1724.5921000000005
1498.936200000001
1662.264099999998
1064.4513000000013
978.6089999999998
1387.157100000002
1309.1129
1585.0227000000011
902.2868000000002
905.5617000000001
1553.2818
1522.5437000000006
1960.2422000000004
811.0897000000011
1230.7190000000012
507.1423000000004
882.6105000000002
1661.9830000000015
1369.7401
1808.5791
1504.6211000000008
1660.9847999999984
1519.1842000000001
1815.4972000000007
1881.9168999999995
1088.8979999999992
1875.279099999999
1499.3418000000013
1589.016999999999
955.3914000000003
1494.4650000000006
1739.8601999999998
403.0445999999997
1839.7584999999976
1878.2780000000014
1081.9665
1519.1800999999998
1014.7930999999999
1737.802500000001
1193.2056000000002
1444.5338999999994
1493.9712999999997
1526.157
682.9839999999999
1696.0035000000012
1578.6874000000014
1611.5420000000006
1027.3907000000008
1033.5688000000007
1857.030700000002
719.8556000000004
1747.4236999999996
1933.4988000000012
828.3419000000001
1433.1073999999999
1940.0176000000001
1432.9271
762.3278000000003
1770.4386999999977
1182.194300000002
1288.4023000000002
1412.036700000001
1833.615599999998
963.2309999999998
1349.766099999999
1962.4627000000005
1600.8257999999996
1189.1218000000003
1637.4781
1554.3235000000018
1370.5830999999996
959.8112999999998
1514.7514
1173.6918000000014
735.8776999999998
1205.4437999999998
1456.0063999999982
371.58570000000014
1516.5841999999984
495.88680000000005
1510.6397999999983
1211.9874000000013
1734.5606000000005
1718.3746999999994
1777.6710999999984
1454.9816000000005
1569.9928999999984
421.03290000000015
935.9880999999992
1551.1927000000005
1876.266199999999
1170.9237000000019
1634.6393999999998
1892.7452999999991
1614.7433999999985
1469.9519999999998
1518.7957999999996
1180.2586000000015
1592.1664000000005
385.72790000000003
2219.3651
1421.7696999999991
992.7616999999998
765.9124000000006
690.2514
1904.174899999999
1409.0585999999998
1428.5472999999997
1905.2190999999982
1814.3291000000006
1304.5386000000008
1624.2747999999985
1551.5432999999998
1007.9517999999993
1813.8946999999994
1615.5007999999996
1604.6845000000008
1506.6829000000012
1500.6471000000006
1916.113599999998
1509.8882
1698.816699999999
995.5520999999998
870.3767000000006
1699.4494000000007
1770.5535999999984
1316.2590000000012
1026.4258999999988
2064.8923999999993
1437.3442000000005
1740.4073
1596.6677999999995
1596.2017000000012
1484.5618999999986
1192.6705
1534.4604999999988
1328.7148999999993
1881.1677999999995
1217.2407000000007
1766.1236999999974
1677.7980000000005
1609.2986999999994
2156.7039
1376.2146000000007
1438.2641000000003
1518.4131999999995
1613.3292999999978
1456.9757999999983
962.7527000000008
1078.8209000000013
1644.1387999999993
1531.6440999999998
1825.0757999999987
1631.4974999999995
1291.5428999999995
796.5477999999997
1162.1486
1097.5112
1841.753000000001
1463.159000000001
1290.1171000000002
1820.6548000000005
1307.6472000000006
1690.5719000000006
1925.8961
1868.3202999999987
1601.1811999999993
1650.9247000000005
1609.2258999999995
1182.2598000000007
528.3130999999994
1611.1036999999988
2049.902600000001
1787.861099999999
1800.9840999999997
2210.4894999999997
1712.1891999999996
1845.3851000000006
1281.5299
1071.3629999999994
1316.7842999999993
1759.0252000000007
1603.3161000000007
1613.079699999998
1204.1218000000001
1650.2519000000007
1611.6331999999998
863.6485000000009
1841.5784000000006
1416.4707000000003
1933.3814000000002
2144.8872
1302.389699999999
874.9623999999993
1568.2553999999989
1820.8432999999998
1617.2225000000003
1678.6608000000006
894.3439999999996
1907.3025999999993
1851.0847
1861.748600000001
1297.7583000000016
1615.532299999998
1942.9116999999999
384.2042999999999
628.2498000000007
1432.2082999999996
822.4459999999993
1375.8253000000007
1189.5471000000005
1750.590899999999
1069.815
1223.0623000000007
1139.6975000000004
1226.7171999999996
1716.6052999999997
1646.3341000000014
1369.8794999999993
1196.5031000000001
1723.3423999999995
1596.4173999999991
1527.9428999999998
983.2424000000002
1942.6425999999994
1497.7503000000015
1519.8046000000002
1332.3176999999987
1487.5806000000005
1748.0918999999997
1321.9132000000004
1054.6684999999993
439.5386999999999
767.3354999999996
1588.2149999999988
908.7458000000001
1393.6546000000014
1517.4485999999988
1583.1238000000005
2086.4835000000007
1873.884499999999
1784.727199999999
1651.9588000000006
1695.3926999999999
1433.3829000000007
1892.345199999999
1431.151699999999
1584.3540999999998
1861.494700000001
1929.3125000000002
1456.928499999998
1749.2609000000004
1573.8832999999981
1570.1034999999988
1760.9658999999997
996.2805000000003
1190.7749000000001
2028.0250000000003
2082.813600000001
1461.814699999998
958.8491999999992
1689.7917999999988
1946.5264999999993
1484.8125999999997
1626.7605000000005
1623.6788000000006
1921.1120999999991
1017.688899999999
1637.3059999999998
715.2969000000005
1256.1729999999984
1590.9754999999975
678.0261000000003
1430.6044999999995
1607.0160999999996
1962.0148000000002
1796.1763999999978
1643.0753
1213.044099999998
1166.8406000000016
1364.6273000000008
1907.718100000002
1864.4616999999976
1496.311200000001
1747.571399999999
1322.1719999999996
957.9868000000001
1600.7928
1173.8748000000007
1610.9080999999985
1252.4794999999997
1518.3390999999995
1835.3296000000003
1892.0165000000022
1984.288100000001
1514.3532999999998
924.1226999999994
1868.8964999999987
1183.0231000000008
1628.8334000000004
1255.9956000000009
1719.5895999999993
1285.63
1011.9510999999989
1216.6194000000007
1689.9928999999986
1458.8413999999998
1555.7685999999987
1115.9899000000012
1669.9122000000016
1635.911199999999
1818.3571999999992
1951.0954999999997
1649.3511000000017
439.9073000000002
1398.1845
1151.8175000000008
1369.032300000002
2149.723399999999
794.9837000000003
1614.3055
1838.7334999999998
1154.2625999999996
1312.5086999999996
1831.0804000000007
1768.348300000001
1584.5276000000006
1647.841499999999
634.6274000000001
830.6176000000007
1172.099400000001
1580.3386000000014
1321.937
1646.4189999999978
1595.4632999999985
1466.5175000000004
1346.9157000000005
1582.3703999999998
829.3973
1621.9025000000004
1813.5134
1891.6954000000003
1886.1916999999987
1820.9376999999993
1527.8426000000002
893.4844000000003
809.3297999999994
1590.1281999999999
927.5044000000001
1447.2219999999998
1501.1272000000013
1599.3366999999985
965.6935000000007
1649.5694000000015
1908.855899999999
924.7448999999996
1762.4310999999996
1011.5668999999996
927.3579999999992
1739.7068999999992
1299.774499999999
1791.7455999999993
1841.9211000000007
1597.6621999999998
912.5479000000007
1477.213800000001
971.7174999999995
1381.7280999999991
1578.8394
1065.5665999999997
1686.8037000000002
1547.6100999999999
975.8185999999997
891.1275000000004
1437.755300000001
1081.3523999999989
1863.9128000000014
1304.9876999999994
1283.0311000000002
1707.8599000000004
1458.8647000000005
824.1294999999992
1166.6798000000001
1519.1080000000002
854.3092999999994
629.0513999999996
573.2593999999998
437.7671999999997
1366.8981000000008
1803.3188999999984
684.4715000000006
1601.0602999999992
1518.419100000001
1624.7423999999999
1530.766
1723.7677000000008
1919.3855999999994
839.6743999999992
1458.7619999999997
2131.009800000001
1573.9336999999996
1670.5472000000007
1346.0921999999985
1220.2659000000003
1682.8708
1369.7447000000002
1209.4783000000011
1004.8711999999997
1605.6918999999998
1745.2583999999997
1458.5262999999989
1228.9275000000011
1636.6824000000006
766.3756000000004
985.2239999999997
954.0465999999998
1675.4231000000009
1020.1742999999994
1463.8034000000002
819.2338000000004
919.609
1417.4307999999996
967.1869000000005
842.4278999999998
403.10829999999993
1730.7435999999996
957.6166999999997
857.3391000000004
1864.1485999999982
782.4470999999995
1998.6858
1363.8763999999999
1612.2130000000013
1844.448
1317.7887000000017
821.5538000000001
1788.5653999999995
1936.0099000000007
1790.6901000000005
657.3449999999998
957.5015999999997
853.9167999999995
1601.4300000000005
596.3830000000003
1560.0746000000006
1691.7027000000007
1473.7071000000008
1875.0285999999999
1062.2425999999994
1094.9559999999994
1691.7097000000006
1539.8996
1927.5005000000006
1966.7361000000017
1487.7490000000005
1679.4864000000002
1708.4244000000003
675.1086999999998
1591.532100000001
1026.6634000000008
1744.5562999999984
853.4839999999995
298.6111999999996
862.1061000000002
891.6951000000007
1704.001199999998
1833.9040000000014
1019.2159000000013
1421.8970000000002
1315.331400000001
831.4908000000006
1418.3949000000016
1660.7490999999995
1385.9940999999992
1614.4268999999995
1924.6036000000008
786.3681000000003
1605.0623999999993
867.0330000000006
1819.1244000000024
1190.0859999999989
1213.2307000000008
941.5920999999997
2001.8095000000008
1349.7219000000007
1295.5699999999988
1969.8709
1566.6168000000007
1214.8548999999982
1878.7328999999988
1552.165400000002
1493.7700999999993
1950.0035
1727.7925999999995
1189.873899999999
1493.3727
1508.3596000000007
1668.5052000000007
1259.2222
1739.5040000000008
1147.9293
1606.237199999999
1627.4404000000004
1744.2459
1823.615499999999
2165.945500000001
2098.404100000002
761.0304000000002
1487.7162000000008
1913.7395000000001
1555.0993999999994
718.1008000000002
748.1033
1134.2263999999993
2036.7810000000009
1370.2156000000002
1448.6220999999996
1766.5746
848.3092000000003
1629.6197999999993
1538.2934999999989
1750.1423999999993
532.6386999999994
992.0898000000004
1724.7706999999996
1715.4961999999994
921.2041000000006
1152.9837000000005
1945.509299999999
1751.8515
1642.9956000000002
1688.7633000000017
1190.5023
576.1795999999997
1907.2368999999985
1436.3790999999997
1244.0408000000002
2179.0586
1481.9611999999993
1761.2372999999998
1222.6191999999987
1623.3832999999984
1731.1994000000018
1847.793600000001
1770.6277999999998
865.9766000000006
1619.0730999999996
1322.5466000000004
1528.4240000000018
1877.1090999999994
1416.1557999999998
1725.3212999999994
1374.1031000000005
1769.5945000000004
810.1697000000005
751.9789999999997
1205.1108
1307.6472000000006
1760.6782999999984
1184.2091000000014
1892.476800000002
1287.6754
1486.1680999999996
1489.2881999999995
1367.5500000000002
1494.8002999999994
1180.9677000000013
1921.8540999999987
1905.8911999999991
1285.1884000000007
865.5442000000004
1106.4059000000009
1492.8880000000004
2061.245700000002
872.6933000000001
1796.7088
1369.8614999999993
2110.3639000000003
1456.7018000000005
1921.168799999998
675.0673999999996
1616.5851999999993
1399.4716999999991
1031.4750999999999
1494.3684999999996
1224.9949000000001
956.8861999999998
1607.0544999999993
1206.9346000000005
1781.6429
1544.7343999999994
1359.7217999999991
1684.8908000000004
1467.8243999999995
1528.0451999999998
1375.4773000000014
2193.775400000002
1501.1668999999988
1338.0478
1135.310700000001
1223.9159
1956.4065000000003
1610.9322999999995
1574.5079999999982
790.1537000000006
1449.2424999999992
1840.996499999998
1557.1211999999994
1816.2218000000014
1994.0266999999994
869.9741
1576.9132000000006
1749.3546999999996
1560.0906000000004
971.4210000000006
1995.4109000000008
642.8168000000002
1542.859599999999
1614.413999999998
1531.0135000000012
1227.1407999999997
803.8463999999996
1065.3020999999999
1810.4416999999996
1116.3854000000003
1589.8921999999998
1732.0661999999998
1496.2280999999996
1748.621800000001
1274.9763000000012
1919.5802000000008
1600.3449000000014
1644.7721999999997
1800.8620999999985
434.1870000000001
1301.0884999999998
1120.3963999999994
1766.2127000000003
1836.1902999999986
502.2007999999998
1146.3332000000003
1327.0006000000012
1707.4501000000007
1894.1674000000007
1314.6225999999992
1869.0341000000003
1828.2052999999994
1032.4149000000002
1593.522999999999
1914.676999999999
1507.8451000000007
1574.4408
1499.1434000000002
1255.8628999999999
1964.822199999999
1451.331999999998
1333.6623999999993
1370.1797000000004
1804.7428999999981
1286.5177000000008
693.3861
1358.0726000000002
1938.046300000001
899.6509000000004
1456.6994999999997
1606.9478999999992
1335.379199999999
1469.7710000000004
924.5684999999996
750.9009000000011
1719.9624000000001
1658.8263
1174.0046999999997
1130.644700000001
1913.983099999999
1517.7075000000013
1884.2121999999983
632.1658
1536.4799000000003
813.0949000000006
1259.3163000000002
1364.9513
849.3312000000002
891.4691000000006
1396.2447999999997
788.0221000000006
1835.6465000000003
1333.0780999999997
1324.5732999999993
1871.622699999999
1345.4696999999983
1485.495
1588.6993000000004
1328.6793000000005
1311.6566999999986
1301.511700000002
1420.2906999999996
1660.5513999999973
900.638899999999
802.9036
962.1108000000005
583.4095999999997
1988.0044000000012
1705.5961999999993
1336.7472000000007
1162.5796
506.9302
1213.2280999999984
1414.9384000000005
1388.8612000000005
1202.2786000000003
2175.5310999999992
1216.6574000000012
1385.4439000000004
1563.041300000001
1826.6320999999982
1770.136799999999
1675.6461000000004
1699.229299999998
1453.9725999999998
1785.8614999999984
1837.652700000001
1489.5597000000012
1616.3845999999999
1543.2676000000001
764.3386000000003
1693.7132999999992
1292.4879999999987
1110.2648999999994
1853.2703999999999
1992.2210000000007
1821.3372999999992
1183.4556999999995
1649.1110000000006
865.8553000000004
859.8405999999995
1850.283
1182.5319
1668.9070999999979
451.81320000000005
1467.6023000000005
1832.626599999999
831.2767000000002
1622.8447999999978
1690.2782000000004
1912.5078999999992
275.31020000000035
1328.3687000000014
1941.4600999999998
1915.9681999999984
716.2731999999997
1318.9489
1594.718699999999
1860.7773999999997
1739.9130000000002
1958.6714
1361.7187999999996
1524.1826999999998
797.7177000000004
1498.530500000001
1057.624499999999
747.8398000000002
1399.8207000000004
233.95739999999986
1902.2848999999994
670.5821999999996
677.4573999999999
1585.358499999998
1334.6145999999987
2101.2059000000004
1197.3346000000006
1912.419999999999
1934.4115999999988
925.865099999999
1861.6935999999996
1555.1887999999994
2050.9585000000025
748.1374000000003
698.7759
1613.5020000000006
1710.8952
1621.5962999999974
617.3476999999998
1725.122
2162.3736999999974
1175.1183999999992
1209.7542000000008
696.0339000000005
1761.9608000000005
1796.2207999999982
1603.5630999999987
2050.7884000000004
1616.5189
1529.1192999999996
552.5224999999996
1059.6817999999996
1743.1638000000014
1956.8658000000003
1634.5695999999996
1859.8386999999989
793.2332000000001
1625.4010999999982
1431.293
1972.7433999999994
1336.1228999999983
1371.9375999999986
1620.487200000001
1607.3042000000019
700.9296999999996
1864.5330999999985
1331.5064000000004
1533.5736000000002
1832.8565999999985
1336.3859999999986
1363.6399000000017
1490.212099999999
1902.3999
812.9664999999991
862.2898000000006
1950.9785000000006
1751.4985999999997
495.19050000000004
1565.9310000000012
1498.828899999999
1486.628199999999
1833.2966000000001
1814.3394000000003
866.4200000000008
941.3706000000004
1598.8711
1531.4756999999995
1579.1985999999988
776.8615999999993
1479.1905999999997
911.3284000000002
1481.8036000000004
1338.3275999999998
1553.987399999999
1846.098499999999
1656.028400000001
824.3077999999994
1650.2168999999992
1576.1626000000006
1192.6391000000017
1371.6781999999994
1844.9964999999997
1762.942299999999
1623.9831999999992
1730.2722999999999
1223.4123999999995
1913.5356999999995
1570.112199999999
1833.1660999999983
1968.7101000000005
1273.8660999999997
1299.4520000000005
1566.6512
1247.3499000000015
1709.9045
1733.7631
1842.7882999999981
1523.112000000001
1700.9049000000005
2047.6010000000015
589.3421000000001
1279.3497
690.6927000000002
1738.1366000000014
1486.167800000001
1666.9393999999984
1397.7708000000011
707.7597999999998
1374.7005000000004
1360.7744000000007
1458.5480999999982
1208.8119000000002
1825.5732
1903.216500000001
1276.8845000000001
1955.272800000001
722.5471999999995
1578.003
945.7385000000011
1607.0444
1222.755299999999
1194.4997000000017
1623.010300000001
1366.934299999999
1163.9299999999998
634.9652000000003
1453.1898000000003
1451.7919999999983
1467.4560999999978
1788.4511000000002
1694.7997000000005
1457.954499999999
1750.3036999999995
1763.9466
1484.6668999999997
1529.3482999999997
1382.0419000000015
1260.1848000000005
1431.0814000000007
2002.4957000000006
948.8702000000008
959.0138999999998
1901.1841000000009
754.4410000000009
1780.955399999998
1575.4481
1477.1737000000007
1348.429400000001
1729.2047999999988
1419.4972999999995
1863.2161000000008
1836.883200000001
818.4659999999997
1742.2706999999991
1203.4835000000016
724.4078000000004
1341.663999999999
908.3680000000005
1772.2541999999992
1849.7482999999986
1511.6750000000002
1473.7504999999996
1652.4905999999994
278.8393999999998
1628.2294999999986
1224.0803000000003
1106.3515999999997
1725.7776999999996
1063.4814999999994
755.6795000000003
1758.9331999999995
928.8597000000003
1378.7265999999995
1637.1426000000013
855.9433
1517.3276
665.0717999999998
732.2276000000004
1463.470299999998
1779.1031999999998
1136.1055
1616.079700000001
1579.9240999999995
1236.0565
1922.1125000000006
1688.1682999999994
1597.8006999999986
1614.345999999999
1442.7051000000001
1471.6237999999985
716.6046000000002
1714.7255000000007
1844.4406999999992
794.2421999999999
769.6784000000007
936.6020000000003
1661.705199999999
1815.706000000001
1174.0714000000005
1939.898499999998
1271.0215000000012
1187.4475000000007
1957.0471000000005
1235.0067000000008
1918.5507999999995
809.3068000000002
1386.4093
1562.0741999999998
941.4398999999999
1847.5536000000016
1300.257700000001
1193.7471000000007
1794.2399000000005
1286.6154999999999
1002.4509000000004
1796.5880999999997
1969.8079
1588.374899999998
1655.0037999999988
1180.4110000000014
1183.2952000000014
1313.781200000001
1640.1737000000003
1330.2108999999991
1907.8399999999988
1527.5788999999993
1252.2861000000014
1213.1767000000007
796.6560999999996
1790.9548999999988
1614.4922000000008
1363.499699999999
1393.6546000000014
1866.8576000000003
2165.7365000000023
730.9876000000007
1793.316099999999
1687.3917
838.2387000000003
284.42969999999985
1497.7979999999993
1268.5096000000005
1333.0365000000002
1103.8213999999994
853.5894000000002
1636.4871999999993
1721.1430000000003
1496.1130000000005
1768.7075999999984
1562.8775000000003
1448.5343999999986
957.4603999999995
1551.3518
1018.7208000000002
1207.8333000000014
1326.6302999999991
1107.2077000000008
1157.9144000000013
672.3187999999998
951.9404999999995
1827.4880999999978
2051.0393000000004
1766.3254999999988
1918.5839999999994
1203.3864
1625.4451000000013
1622.0367999999996
1268.9873000000005
1348.5659
1964.4333000000022
1193.1233999999997
1710.9124000000002
1689.2363999999993
2063.944299999999
1562.4256999999989
1382.7632000000003
1421.0489000000005
1948.8068000000012
1001.8231999999998
855.9257000000001
1428.3718000000006
1560.4762000000003
968.1856000000002
980.8200000000002
1135.4644
1219.5839999999998
1816.9122999999993
1432.2622999999994
1366.5086
1812.9996999999996
1650.1754000000003
1607.7169000000004
291.5974999999996
389.05649999999986
1988.7335000000012
1614.6161999999997
1021.979099999999
1812.2315999999978
833.4529000000002
1040.6032999999998
749.2011000000006
1629.6973000000005
1205.943500000001
1962.9079000000013
859.8109000000007
1489.7566999999988
1420.2222999999994
697.9145
1895.3134999999993
1182.5488999999993
624.4896999999997
1400.7083999999993
1732.0446000000002
1691.4332999999976
1284.8731999999984
1880.989499999998
1522.8224999999989
637.3539000000004
1834.843200000001
2049.3136000000004
1436.387599999999
2116.358700000002
1209.7700000000007
2164.757900000002
1084.3994000000012
1785.052299999999
1002.7072000000009
1459.3532999999998
835.0663000000002
1186.389500000001
1292.0664000000006
1476.2001000000012
1316.236800000001
1465.3102000000008
745.5279000000003
754.9598999999997
1506.9883000000002
1230.418000000001
1929.106600000002
1913.1194999999993
1615.6062999999988
763.6912000000004
1319.0676999999998
1111.2113000000004
853.0020999999999
1598.1652999999997
828.1910999999997
1481.3090000000009
1343.0736000000004
1419.1200999999994
1420.3843000000008
1714.2543999999978
939.5624999999989
991.7920999999991
1840.6720999999993
1365.2860999999998
1923.3657999999984
900.5223
869.5244999999989
1862.554799999999
987.9971999999996
1296.255800000002
1646.6871999999992
1507.6102999999985
1207.8019000000006
218.97340000000003
1878.0204999999987
1311.562800000001
1982.7264000000005
1289.7150999999997
1545.5136000000002
1315.3718999999996
1900.2300999999998
1731.5842000000005
1715.269600000001
1600.3295
1770.1278999999993
772.0154000000003
1858.215400000001
1513.5527000000004
1509.3886000000002
1729.0847000000003
1815.1553000000006
1446.2133999999999
1337.5446999999974
1843.1808
1749.2285000000004
1183.3764000000003
1759.0252000000007
1342.373199999998
981.862
814.9888000000001
1313.6193999999994
1932.6551999999976
1149.7589
915.6214999999997
1668.3044999999981
828.3154000000004
1573.5607
1276.1814000000002
1181.3925000000015
1564.1761000000001
1519.3747000000012
1596.9481999999982
1084.1698000000006
1709.1843999999996
1126.5538999999999
1149.4974
1092.2835000000005
1522.0174000000002
1521.3226000000004
1538.9691999999986
1035.892600000001
1333.928700000001
859.3152000000003
1807.062000000001
1210.8730000000005
1610.4468999999992
1072.5615999999995
2141.7070000000026
1859.2745000000004
1257.4325999999999
1886.494399999999
1213.1845000000012
1722.1038999999987
1508.2039000000002
1254.2946000000015
1377.7708999999993
1573.6079999999993
1351.502000000001
653.1651
1623.7472999999982
1490.1109
957.5095999999999
1980.5896000000005
1273.1124000000011
1797.5806999999998
1099.1508000000001
1465.5116000000014
967.8428000000005
1887.3269999999998
1504.678600000001
1918.3185000000003
1580.0243000000005
1556.4398
1762.6440999999995
889.5019000000002
1654.0851999999993
843.4239000000002
1424.641500000001
1067.947299999999
1259.79
1220.9443
1935.1715000000002
1720.5559
1554.1732000000002
1216.018800000001
1002.4104999999993
1619.5349000000008
2135.699000000002
1789.0493
668.8866000000003
1257.5364999999988
1161.5605000000019
1548.4908999999984
1527.1746000000003
1439.2930000000001
1552.3508999999988
1484.6242000000004
195.93430000000015
1540.223
1754.3946000000005
1488.3188999999986
1659.4433999999972
1098.2384000000006
1887.4857999999983
1788.7027999999998
1062.5198000000005
568.8416
2165.783900000003
1190.1031
1688.0372999999997
1727.4572
1417.9477999999997
1951.4724999999994
1238.4391
1712.3655000000008
1783.5888000000023
551.8023999999998
1299.6183000000008
241.2782000000001
1759.0627000000002
860.9795000000003
921.4597000000003
1859.9667
1886.8528000000003
838.1037000000003
1491.7837999999992
1573.3944000000004
1931.4766999999983
1794.971400000001
272.60730000000035
1623.2269000000008
1149.7617000000005
1861.3106000000005
1236.9222000000016
2041.0615000000007
1955.383900000001
2018.1652000000008
1462.1764000000005
1660.5193
1192.1534000000004
1488.4295000000002
639.9726000000002
1634.6113999999989
1532.3251999999995
982.0735999999994
1117.7304000000001
1698.7805999999994
1360.8333000000016
1758.3116999999997
275.98849999999976
1720.161100000001
1686.0621999999996
966.3862999999993
1164.1945999999998
791.8124000000005
1506.3101000000013
1207.6894999999997
1193.4844000000005
1227.6865000000007
1111.9547000000011
1559.0948000000008
1532.7987999999998
1115.963199999999
1311.7043999999983
1585.2386
1331.6796
1562.5257000000015
1268.2577000000008
1715.307999999999
1868.7543999999991
1118.7693000000002
1196.4390000000003
1102.6832000000009
1607.9941000000008
856.6693999999998
660.1512999999994
1294.2422
872.3640999999993
1803.0328999999995
1329.2793999999994
895.7140999999997
1849.3978999999995
1073.5374999999997
1922.0496000000007
1159.5936999999985
1225.699199999998
1348.0891999999978
771.1155000000003
1307.6928000000003
1296.0424000000014
1358.0634
1866.2461999999991
842.2435000000002
1308.9400999999998
1454.3298999999988
1716.4405999999976
667.9658000000003
1391.5274999999997
1381.4516000000021
920.5084999999999
1932.1312999999982
1823.8326000000009
962.7758999999996
1352.7
1304.595300000001
1642.0906999999988
1526.9269999999992
1377.4142
1154.6860000000006
792.0508999999998
2024.0015000000005
1182.6457000000005
2073.916800000002
1105.8688000000009
907.1113000000004
1925.1249999999982
1342.4171000000001
1480.8635000000002
1169.8013000000005
1376.9253999999992
1510.0987999999986
1277.3415000000005
1301.2267999999988
822.9497000000005
1358.8269999999993
1355.3333000000005
1329.5890999999992
1481.9735999999996
791.0376000000002
1409.5792000000013
1032.5647999999994
1329.9732999999992
1482.915899999999
1691.4930999999997
1919.1148999999991
1614.5109000000014
1247.4374000000016
1918.920799999998
937.9177999999999
1642.593099999998
1221.8818
1750.8939000000005
1179.6462999999992
1211.8938999999984
1599.3453000000006
1623.0143999999991
1755.3492999999978
714.7956999999994
1254.2065000000005
2103.3402
1777.5756999999985
1633.8896999999995
1366.5385000000003
1948.813399999999
1779.0902999999996
2070.6121000000003
1598.4228999999991
1518.384600000001
1586.2430000000004
1851.021399999999
1481.7882000000013
1209.3580999999992
1420.2830999999996
1486.569200000001
1371.7949999999994
724.4815000000002
1167.729800000002
1828.430100000001
1211.8484000000008
1521.8388000000011
1869.1782999999998
1838.1306999999981
1556.2871
879.2108000000002
1563.4922000000004
1860.5027
398.8107999999996
1491.5057000000002
1410.2419999999997
1602.4073000000012
1653.600999999999
1064.5997999999997
1345.8748
760.2292000000002
543.7649000000004
1315.2444999999996
1511.2755999999988
1970.9476000000002
1893.5819000000006
1815.1355999999982
1350.3253000000009
1719.7089000000005
1721.8450999999995
1922.4498
891.7905000000003
1765.149700000001
659.3759
909.5658999999995
1055.6951
1473.4815000000003
1033.2355
1599.6093999999998
1187.4829
1570.1760000000002
1612.5173999999997
1724.2575999999995
1405.5396000000005
1405.6818000000003
1651.3008999999997
1335.4841000000004
1594.4032
1895.6311999999973
1666.7059000000002
980.9304000000005
1292.7404999999994
1742.8559000000025
1260.601400000001
1376.1705999999997
921.5191999999989
898.0505000000005
1558.1057000000008
1759.0807999999993
1034.1217000000004
848.7904000000002
1153.6882000000003
1738.5851999999995
1430.6532999999993
1333.1495999999997
934.6773000000005
1832.0819999999992
1536.3376999999994
1598.9250999999986
1657.3195000000005
1447.9403999999995
1022.2499999999993
765.6084000000013
1332.4528999999989
866.3726000000007
931.6708000000002
1797.5529999999999
1962.9995000000004
1324.1374999999991
1953.5350999999998
965.6210000000001
1210.8884000000007
998.0101999999993
891.6234000000005
1051.7837000000002
1247.5952999999986
1574.0727
1476.5582999999997
842.6454000000001
1539.5217999999988
1791.0367
1509.135399999998
1217.8845000000008
1689.7520000000006
1541.8729
1976.5563999999993
1230.6521999999998
855.2649999999993
1386.0205000000008
1703.4102000000005
1299.9494
1179.1091000000004
1622.546399999999
1177.9544999999991
535.0637999999998
1725.901499999999
1618.6761
830.8717999999993
1148.8364999999988
1191.8692000000012
914.0581999999998
1628.7298
1541.9759000000008
1326.762299999999
1139.7365000000004
1700.8638999999994
1641.3911000000007
1742.4799999999993
1828.9002000000016
1445.0186
1455.3003999999987
1729.7469999999976
1751.8362999999993
1651.2736000000004
1926.4488999999996
1832.2416999999996
1609.3762999999976
1718.8687999999993
1166.2599000000002
1429.372899999999
1213.755100000001
1204.4136000000008
1741.3248000000003
1358.9691000000003
1176.9405000000004
1625.1496
668.8444999999999
1896.5236000000004
1180.4059000000016
970.2599999999998
946.8156
1898.9423999999997
1536.6894
1521.2188999999996
1637.4039000000005
1408.9260000000006
1588.5603999999992
781.5414000000009
1411.1453000000006
937.3244999999994
1488.2570999999984
1724.2531000000008
1029.1437000000008
1470.9859999999994
1485.2553999999996
1019.660399999999
1215.8893000000007
855.4046000000002
1488.8099000000002
1800.4598999999996
969.9170000000001
1231.6726999999996
670.0454
1531.8076999999985
558.082
1039.4286000000004
815.0160999999993
1396.3527999999997
1572.518399999998
2060.347100000001
2104.7666000000004
1372.9704999999997
1981.2051000000013
755.9299999999998
915.8260000000002
1919.8294
1538.381199999999
1181.2967000000006
1423.4983999999986
1504.1261
1188.3367000000007
1867.6193999999994
1560.3476
1073.4611000000007
2148.0321000000026
2028.913500000001
1961.1720999999993
1654.5345000000002
1562.6832000000002
792.2307000000001
1573.0995000000005
1196.4180999999999
1505.777200000001
1493.1827999999991
1008.2374000000002
539.7379
1915.5423999999991
1339.8480999999995
854.3545000000004
1496.1557000000003
1614.559300000001
1173.0053999999996
1605.1214000000007
1901.7932999999975
1050.4564
717.7708999999999
1270.0969000000007
1748.9309999999998
699.0563999999998
652.2945000000001
575.0807
1840.6087000000005
1642.6052999999997
1398.4656000000004
1858.0209999999993
1303.3746999999994
1912.4739000000004
1607.8059999999998
1348.2788000000003
1554.247
1922.4626999999991
1556.8901999999996
1263.8708000000004
1593.3483000000006
918.3636999999994
691.7575000000004
1537.2022
1604.3925999999983
1496.6094000000012
1592.9208999999987
844.7588000000005
1802.846199999999
1812.7231999999995
1542.3374999999996
1979.9599999999991
1566.819700000002
1759.8521000000014
1442.5690000000009
2164.573200000001
1787.8631999999977
1156.2805999999996
776.5886000000005
799.636
1759.530499999999
1084.9139999999998
1673.3136000000013
1711.0392999999988
1505.4871000000003
1173.3638999999976
1413.8400000000006
1348.1442000000004
1461.3262999999997
768.9717000000004
1228.0267000000013
1795.4006999999992
785.2988000000009
1657.541599999999
1011.5617999999988
1665.0324999999978
1488.5795999999982
1110.7274
784.7855999999992
1522.9125999999994
1377.6117
1508.8961
1498.0677000000005
1238.8536000000013
1715.6954000000012
1324.8261000000005
1452.5411000000001
1409.9565999999995
1840.3647999999998
942.2265000000001
1834.8038999999978
1633.3693999999998
1587.2232999999985
591.4332000000003
585.8569000000002
1832.1163000000013
1076.2252999999985
851.5344000000006
1561.3286999999991
916.1116000000001
1636.8273000000002
1791.6001999999978
1580.3618999999997
1795.559999999999
1597.0406999999989
1539.317299999999
1921.638299999999
1867.061299999998
1216.3760999999986
1389.2666
1508.0826999999997
1556.7611000000013
1153.7279000000008
1143.128599999999
1513.0116999999996
1265.1598000000006
1202.6121000000007
1605.8262999999993
1663.6603999999975
1176.4645999999993
1486.707199999999
1739.7236999999996
693.2152999999997
707.4304000000002
1680.2795000000003
1489.3911000000007
1481.0418
1766.3254999999988
1621.7317999999987
1202.6708999999998
1055.009199999999
1638.5570999999993
1384.4553999999998
1042.4763999999996
1880.3871999999985
1436.5688999999993
1806.1609999999987
1515.0549999999994
1628.5131999999994
1130.7325999999994
1487.0833000000005
1697.0485999999987
1707.7420999999988
2145.559299999998
987.4697999999994
634.1480999999997
1337.4513
1429.1976999999997
930.7439999999999
712.2816000000005
1753.9498999999994
1132.5805000000012
1878.7831000000008
1202.5783000000001
1749.8610000000015
1856.1861999999978
1673.9655000000002
970.5103000000001
1512.7428999999995
1615.8789999999997
1071.1904999999992
693.0623999999998
620.2113000000002
1208.8518999999997
1785.3720999999994
1683.1530000000014
697.6168999999999
1309.7594000000006
1440.2728000000002
1660.1173000000001
1551.7518
1909.2923000000008
1947.3301999999987
1862.6780999999976
1526.523
1960.0483000000008
1002.8933999999999
1225.0428999999992
409.3131999999998
1728.8642000000004
1493.1382999999996
1326.0781999999997
1521.7926
1568.218299999999
2116.9235999999996
1821.1190999999997
1739.733100000001
1508.6814999999997
1437.724
1469.6890000000005
1596.9690999999998
1999.9057000000012
1888.4734999999991
1406.7696000000017
799.8500999999993
1586.0518999999997
1312.697999999999
1276.6721999999993
1406.6899000000003
1368.6469999999993
1912.5327000000013
1099.2016000000006
994.5861999999996
1196.0798000000011
401.5323999999998
1559.5504999999998
1595.3486000000007
1527.4154999999994
1491.8999
1226.3094
1161.9868000000006
1299.8034000000014
1044.2985000000006
531.9725000000005
1547.9059999999988
858.0306999999999
1616.8048999999987
1004.3763999999995
1926.5567999999982
976.7100999999998
1918.3766
1842.214700000001
1713.3870999999972
1620.264599999999
1803.6478000000006
1347.4515999999994
1888.1291000000006
546.4724000000003
1248.7011000000007
2154.676700000003
1048.0385999999996
1224.1901999999995
1494.2814
1583.8993999999989
420.54389999999984
1464.9446000000005
1485.8867999999989
1303.5136000000007
1864.0428999999995
1890.6003999999998
313.5655000000002
1522.7938000000017
512.5408000000002
1589.5917000000002
1402.4491000000007
1578.4995999999999
1448.0143999999987
1723.1225999999995
1990.0875000000008
536.0034000000006
177.1126
1385.8082000000015
1151.8275999999998
1145.3807000000008
1241.1353999999985
835.1954999999994
1745.893000000001
867.2823999999995
1795.9756999999993
1525.6587
804.7913000000002
831.8293999999999
1255.954799999999
1718.448000000001
1721.7607000000007
774.1422000000001
1659.1747
1569.6200999999994
1081.8465000000003
562.4280999999999
758.4893
1520.1141999999995
1226.2032000000002
1025.7780000000002
1478.3138000000004
845.5068999999999
1620.6030999999994
641.3741000000002
1272.3085000000008
1725.799999999999
1592.1457999999975
2061.420200000001
1604.9404000000004
1481.2036000000007
910.4359000000005
1709.869
793.4798000000004
1622.2655999999995
1202.8714000000007
1638.8288000000002
1334.7117999999991
1235.2412000000002
1472.3198999999995
1528.6410999999998
1579.5625000000002
1406.2259999999992
1913.7394999999992
1760.8052000000002
1840.4403999999997
833.3179999999994
1806.1501999999984
1350.1708000000008
1479.7466999999995
1919.2916999999993
1670.7449999999983
1713.8248999999996
873.8652000000003
1239.7003000000007
1218.2917000000011
1913.8992999999987
1420.9139000000005
1737.3206999999986
1389.6473999999996
757.7763000000003
1603.3695000000005
1642.9560000000015
1854.465799999999
1134.7549000000015
1050.9920999999988
855.7708000000005
1513.57
2159.4998000000032
1068.8351999999995
1766.991599999999
1600.2941999999996
1253.9987999999987
668.4693000000001
1695.8679999999993
850.4135000000003
1495.4677000000008
597.7181000000004
1130.2884000000006
1146.5898000000002
1284.1907000000008
1877.0688999999982
1964.1328999999996
831.7761000000008
1692.9595000000002
849.0084000000005
664.4747999999995
1352.5043999999991
1205.6558000000014
697.5350000000005
1552.2801000000004
1774.8442999999997
1166.4286000000004
1524.5203000000006
1126.4382999999998
1220.0080000000003
1504.4309000000012
1492.9160999999995
1148.9348000000005
1208.6526000000015
1361.6450999999993
437.5231
600.4105000000003
1598.5139000000001
1202.3117000000007
1175.9811999999986
1113.253600000001
1320.6196000000002
1076.0360999999998
926.9706999999997
1782.976099999999
767.5311000000006
892.3376000000001
1423.540600000001
1564.0358
1618.812
1141.181599999999
1550.9698999999991
1636.8801999999996
1708.1390999999996
1490.5133000000005
1901.6761999999994
1370.1074
1633.7938999999988
1776.9431000000002
1053.1082999999992
1740.7323999999978
1529.8243000000002
1791.1837999999996
1409.468200000001
1192.2782
1761.3782999999996
1393.9623000000001
1812.8547999999998
1918.5488999999986
1887.0116999999998
1837.8633
1680.2342999999985
1232.7216000000005
1593.6515999999997
1706.5719
1169.927300000001
1193.6806000000001
1106.1897999999994
1587.3431
1932.9206000000006
1781.3908999999994
1980.9698000000017
1366.5318999999986
938.7244000000005
1423.9200999999998
1665.0314999999996
1515.3224999999998
1753.965699999998
636.8044999999998
1440.7447
456.69060000000013
1506.9121000000005
2004.523400000001
1553.381399999999
1589.8481000000006
976.4242999999997
912.1249999999994
1669.1215999999995
1402.915600000001
1287.175400000001
1490.0222999999987
1269.4045999999998
1926.6127999999994
1657.120300000001
676.0771
1213.6066000000005
1724.4763999999996
1319.5492
1281.8071000000007
1524.5145000000007
1507.1776000000007
1082.8184999999999
730.4982000000003
511.4025999999997
1803.8535999999983
914.5018999999999
1719.0050000000006
1864.8574999999996
1580.2507999999978
1551.8882
2035.2854999999993
829.1963000000011
1329.9153999999994
1467.0358999999996
1378.406999999999
1281.9374999999998
796.9234999999999
1766.7400999999993
1602.082999999998
1451.225599999998
487.12030000000016
1192.5990000000006
1576.7993
1547.3615999999997
961.3042999999993
1913.9597000000003
876.4337000000008
786.4213999999998
1454.5439000000001
1288.7920999999983
1814.5728999999992
791.1472000000005
881.8036000000003
1770.5890999999986
2102.7727999999993
1814.8192999999997
1397.9578000000006
1124.9997000000012
654.8691999999999
1637.2591
1422.8244999999984
1719.163799999998
403.2780000000001
1730.9838000000004
1744.8626999999988
1703.1523000000004
1557.0450000000003
1802.8760000000009
919.2842999999993
755.0731999999999
1756.9554999999993
1717.2008999999994
1650.0473999999992
1320.2020000000014
1230.7922000000003
1410.119
1076.8890000000001
907.2437999999999
1948.7708999999973
1030.0171
1336.4753000000012
1427.5354999999995
1068.655799999999
1162.852400000001
1574.5776000000003
1910.1782
1301.4495999999995
536.9572999999996
1513.6494
1091.4547
1593.0482000000006
1521.3511999999996
1278.2802000000004
1753.5840000000019
1528.6792999999996
1591.1598000000006
1911.350199999999
1579.866100000001
1026.2853999999995
1431.2444999999987
2157.740400000002
1214.5128000000004
1581.9009000000003
1493.4805000000008
1057.5133999999996
1301.7213999999988
1450.7513000000006
987.1064999999996
1574.2841000000005
757.8587000000003
1447.7952000000005
995.1192
1191.601600000001
1458.9011999999989
706.2295999999997
1371.6916000000012
1952.0511999999987
818.9989999999995
2156.9572000000007
952.0743000000002
1175.8447000000003
954.4862999999995
1641.4313000000009
1847.9982000000007
1302.4902999999997
1499.2198000000008
1233.3345000000004
935.0860999999995
792.1089999999995
1811.7235000000003
1220.2987999999998
1884.2651000000014
1684.3541999999975
1691.9144000000001
1067.942900000001
1497.6563000000006
1354.4001999999996
1777.9223000000002
1176.2054000000005
1366.5877999999998
1658.716999999999
737.7865999999999
1857.2864999999986
1867.482499999998
1881.1985000000004
1802.774699999999
1789.7383999999997
1080.7558000000004
1707.5422999999996
280.6340999999998
1396.2858000000008
1174.9898000000017
1381.9392000000007
841.8345000000012
2115.798399999999
1325.813799999999
1403.3063000000004
921.1735000000011
1972.5545000000006
949.8588000000004
163.70490000000015
757.6689999999995
959.1736999999995
1904.0356999999992
1974.4546000000003
1779.0357999999976
1647.4994000000006
1901.8205000000005
1289.0361000000003
1541.5316999999986
991.0321999999999
1210.3895
1500.0519000000015
921.3073999999995
804.7809000000002
1702.5299999999988
1191.3564000000003
749.6718000000011
1435.2314999999996
1696.6578000000006
1435.9904000000001
1686.6473000000003
1816.3017999999984
1142.9194
1934.4459999999985
1615.4176
1493.4003999999993
1708.8141000000003
1406.9356
1227.6456000000012
856.9684999999996
1050.2152
600.3595999999997
1602.3612999999987
1613.2589000000019
1682.1301999999996
1495.5105000000005
1205.899
1330.276299999999
1297.498799999999
589.2838000000004
1761.470199999999
1637.5791000000006
1500.3001999999997
1814.6569000000009
1575.9153000000006
1250.4951000000015
2084.5818999999988
813.6998000000001
1286.2051
700.2009999999996
1634.9028999999998
1417.1774000000003
970.9782999999999
1271.0874999999996
1792.2837999999992
1819.3435999999988
1615.3019999999995
1334.5915999999988
773.7431999999994
2058.2872000000016
865.9766000000006
1497.0639
1497.0237000000006
1278.2788000000007
1474.4736000000007
1315.2521999999988
1458.710899999999
1153.9403000000013
936.1497999999999
1941.4756999999995
1604.9281
703.8784999999995
1823.5459999999991
1367.2299999999998
1630.794399999998
580.8267000000003
1776.3201000000004
1444.2282999999986
504.5996000000003
1179.9504000000018
1447.7783000000009
286.9630999999996
1436.7793999999997
1174.0292000000002
1411.3780000000008
1676.6021000000005
1483.7821999999996
1338.7739999999997
1730.6152999999983
2156.903599999999
609.4432000000005
1585.8481000000002
709.6611
1610.2105000000001
1432.8325999999995
1154.2681000000002
1919.0479000000007
1579.4419000000014
1680.9567000000002
1490.5407999999984
1384.798700000002
1886.1023000000005
1096.793400000001
1741.5169999999991
1423.9592999999988
1377.0699000000002
1212.2318000000007
1755.2764999999993
462.34310000000005
1085.8902000000014
963.0838000000005
934.8026000000001
1795.0112999999992
788.2965000000005
1016.3696000000004
1917.1958999999995
1502.5624000000014
1219.1813000000004
342.0183999999998
1315.9798999999996
1109.3278999999993
1018.8561000000004
1113.469200000001
823.8006000000001
1618.6766999999995
1690.2499000000012
1932.9233000000004
1383.6142000000002
1768.4864999999982
882.8299999999997
1540.745099999999
1543.9074999999991
1603.2636999999982
1532.6115000000002
2193.462200000002
1263.455899999999
1484.8401999999999
1414.0187000000003
1219.5413000000017
1927.8971000000008
1840.2753
1504.0188000000007
990.9908999999996
1760.9515000000006
788.7031000000009
1488.1275000000005
872.7247999999994
1839.3163
1469.0166999999994
1186.385500000001
1581.9321000000004
1540.3023999999987
2072.0275000000015
1619.6677
190.91380000000012
1560.232299999999
1704.2435000000007
1349.2874999999997
1053.6609000000003
1345.1656000000003
1555.8891999999998
1306.8329000000015
962.9816000000009
1975.7947999999988
1558.5899999999997
1598.8257999999998
2068.1372
1926.647699999999
1536.1494999999995
1317.6244000000008
1565.088800000001
1614.8752
1376.2289000000007
425.2296999999998
1604.5861999999997
1811.0857
1175.7930999999996
1163.1678000000004
1729.8590999999997
679.1519000000003
572.1764999999999
652.6003999999999
1832.5296999999991
1211.5606000000005
